39,985
39,984
39,983
39,982
39,981
39,980
39,979
39,978
39,977
39,976
39,975
39,974
39,973
39,972
39,971
39,970
39,969
39,968
39,967
39,966
39,965
39,964
39,963
39,962
39,961
39,46
39,45
39,960
39,959
39,958
39,957
39,956
39,955
39,954
39,953
39,952
39,951
39,950
39,949
39,948
39,947
39,946
39,945
39,944
39,943
39,942
39,941
39,940
39,939
39,938
39,937
39,936
39,935
39,934
39,933
39,932
39,931
39,930
39,929
39,928
39,927
39,926
39,925
39,924
39,923
39,922
39,921
39,920
39,919
39,918
39,917
39,916
39,915
39,914
39,913
39,912
39,911
39,910
39,909
39,908
39,907
39,906
39,905
39,904
39,903
39,902
39,901
39,900
39,899
39,898
39,897
39,896
39,895
39,894
39,893
39,892
39,891
39,890
39,889
39,888
39,887
39,886
39,885
39,884
39,883
39,882
39,881
39,880
39,879
39,878
39,877
39,876
39,875
39,874
39,873
39,872
39,871
39,870
39,869
39,868
39,867
39,866
39,865
39,864
39,863
39,862
39,861
39,860
39,859
39,858
39,857
39,856
39,855
39,854
39,853
39,852
39,851
39,850
39,849
39,848
39,847
39,846
39,845
39,844
39,843
39,842
39,841
39,840
39,839
39,838
39,837
39,836
39,835
39,834
39,833
39,832
39,831
39,830
39,829
39,828
39,827
39,826
39,825
39,824
39,823
39,822
39,821
39,820
39,819
39,818
39,817
39,816
39,815
39,814
39,813
39,812
39,811
39,810
39,809
39,808
39,807
39,806
39,805
39,804
39,803
39,802
39,801
39,800
39,799
39,798
39,797
39,796
39,795
39,794
39,793
39,792
39,791
39,790
39,789
39,788
39,787
39,786
39,785
39,784
39,783
39,782
39,781
39,780
39,779
39,778
39,777
39,776
39,775
39,774
39,773
39,772
39,771
39,770
39,769
39,768
39,767
39,766
39,765
39,764
39,763
39,762
39,761
39,760
39,759
39,758
39,757
39,756
39,755
39,754
39,753
39,752
39,751
39,750
39,749
39,748
39,747
39,746
39,745
39,744
39,743
39,742
39,741
39,740
39,739
39,738
39,737
39,736
39,735
39,734
39,733
39,732
39,731
39,730
39,44
39,729
39,728
39,727
39,726
39,725
39,724
39,723
39,722
39,721
39,720
39,719
39,718
39,717
39,716
39,715
39,714
39,713
39,712
39,711
39,710
39,709
39,708
39,707
39,706
39,705
39,704
39,703
39,702
39,701
39,700
39,699
39,698
39,697
39,696
39,695
39,43
39,694
39,693
39,692
39,691
39,690
39,689
39,688
39,687
39,686
39,685
39,684
39,683
39,682
39,681
39,680
39,679
39,678
39,677
39,676
39,675
39,674
39,673
39,672
39,671
39,670
39,669
39,668
39,667
39,666
39,665
39,664
39,663
39,662
39,661
39,660
39,659
39,658
39,657
39,656
39,655
39,654
39,653
39,652
39,651
39,650
39,649
39,648
39,647
39,646
39,645
39,644
39,643
39,642
39,641
39,640
39,639
39,638
39,637
39,636
39,635
39,634
39,633
39,632
39,631
39,630
39,629
39,628
39,627
39,42
39,626
39,625
39,624
39,623
39,41
39,622
39,621
39,620
39,619
39,618
39,617
39,616
39,615
39,614
39,613
39,612
39,611
39,610
39,609
39,608
39,607
39,606
39,605
39,604
39,603
39,602
39,601
39,600
39,599
39,598
39,597
39,596
39,595
39,594
39,593
39,592
39,591
39,590
39,589
39,588
39,587
39,586
39,585
39,584
39,583
39,582
39,581
39,580
39,579
39,578
39,577
39,576
39,575
39,574
39,573
39,572
39,571
39,570
39,569
39,568
39,567
39,566
39,565
39,564
39,563
39,562
39,561
39,560
39,559
39,558
39,557
39,556
39,555
39,554
39,553
39,552
39,551
39,550
39,549
39,548
39,547
39,546
39,545
39,544
39,543
39,542
39,541
39,540
39,539
39,538
39,537
39,536
39,535
39,534
39,533
39,532
39,531
39,530
39,529
39,528
39,527
39,526
39,525
39,524
39,523
39,522
39,521
39,520
39,519
39,518
39,517
39,516
39,515
39,514
39,513
39,512
39,511
39,510
39,509
39,508
39,507
39,506
39,505
39,504
39,503
39,502
39,501
39,500
39,499
39,498
39,497
39,496
39,495
39,494
39,493
39,492
39,491
39,490
39,489
39,488
39,487
39,486
39,485
39,484
39,483
39,482
39,481
39,480
39,479
39,478
39,477
39,476
39,475
39,474
39,473
39,472
39,471
39,470
39,469
39,468
39,467
39,466
39,465
39,464
39,463
39,462
39,461
39,460
39,459
39,458
39,457
39,456
39,455
39,454
39,453
39,452
39,451
39,450
39,449
39,448
39,447
39,446
39,445
39,444
39,443
39,442
39,441
39,440
39,439
39,438
39,437
39,436
39,435
39,434
39,433
39,432
39,431
39,430
39,429
39,428
39,427
39,426
39,425
39,424
39,423
39,422
39,421
39,420
39,419
39,418
39,417
39,416
39,415
39,414
39,413
39,412
39,411
39,410
39,409
39,408
39,407
39,406
39,405
39,404
39,403
39,402
39,401
39,400
39,399
39,398
39,397
39,396
39,395
39,394
39,393
39,392
39,391
39,390
39,389
39,388
39,387
39,386
39,385
39,384
39,383
39,40
39,382
39,381
39,380
39,379
39,378
39,377
39,376
39,375
39,374
39,373
39,372
39,371
39,370
39,369
39,368
39,367
39,366
39,365
39,364
39,363
39,362
39,361
39,360
39,359
39,358
39,357
39,356
39,355
39,354
39,353
39,352
39,351
39,350
39,349
39,348
39,347
39,346
39,345
39,344
39,343
39,342
39,341
39,340
39,339
39,338
39,337
39,336
39,335
39,334
39,333
39,332
39,331
39,330
39,329
39,328
39,327
39,39
39,326
39,325
39,324
39,323
39,322
39,321
39,320
39,319
39,318
39,317
39,316
39,315
39,314
39,313
39,312
39,311
39,310
39,309
39,308
39,307
39,306
39,305
39,304
39,303
39,302
39,301
39,300
39,299
39,298
39,297
39,296
39,295
39,294
39,293
39,292
39,291
39,290
39,289
39,288
39,287
39,286
39,285
39,284
39,283
39,282
39,281
39,280
39,279
39,278
39,277
39,276
39,275
39,274
39,273
39,272
39,271
39,270
39,269
39,268
39,267
39,266
39,265
39,264
39,263
39,262
39,261
39,260
39,259
39,258
39,257
39,256
39,255
39,254
39,253
39,252
39,251
39,250
39,249
39,248
39,247
39,246
39,245
39,244
39,243
39,242
39,241
39,240
39,239
39,238
39,237
39,236
39,235
39,234
39,233
39,232
39,231
39,230
39,229
39,228
39,227
39,226
39,225
39,224
39,223
39,222
39,221
39,220
39,219
39,218
39,217
39,216
39,215
39,214
39,213
39,212
39,211
39,210
39,209
39,208
39,207
39,206
39,205
39,204
39,203
39,202
39,201
39,200
39,199
39,198
39,197
39,196
39,195
39,194
39,38
39,37
39,193
39,192
39,191
39,190
39,189
39,188
39,187
39,186
39,185
39,184
39,183
39,182
39,181
39,180
39,179
39,178
39,177
39,176
39,175
39,174
39,173
39,172
39,171
39,170
39,169
39,168
39,167
39,166
39,165
39,164
39,163
39,162
39,161
39,160
39,159
39,158
39,157
39,156
39,155
39,154
39,153
39,152
39,151
39,150
39,149
39,148
39,147
39,146
39,145
39,144
39,143
39,142
39,141
39,140
39,139
39,138
39,137
39,136
39,135
39,134
39,133
39,132
39,131
39,130
39,129
39,128
39,127
39,126
39,125
39,124
39,123
39,122
39,121
39,120
39,119
39,118
39,117
39,116
39,115
39,114
39,113
39,112
39,111
39,110
39,109
39,108
39,107
39,106
39,105
39,104
39,103
39,102
39,101
39,100
39,99
39,98
39,97
39,96
39,95
39,94
39,93
39,92
39,91
39,90
39,89
39,88
39,87
39,86
39,85
39,84
39,83
39,82
39,81
39,80
39,79
39,78
39,77
39,76
39,75
39,74
39,73
39,72
39,71
39,70
39,69
39,68
39,67
39,66
39,65
39,64
39,36
39,35
39,34
39,33
39,32
39,31
39,30
39,29
39,28
39,27
39,26
39,25
39,24
39,23
39,22
39,21
39,20
39,19
39,18
39,17
39,16
39,15
39,14
39,13
39,12
39,11
39,10
39,9
39,8
39,7
39,6
39,5
41,11
41,10
41,9
41,8
41,7
41,6
41,5
41,4
2,2
1,2
3,2
12,3
41,3
41,2
41,1
41,0
40,4
40,3
40,2
40,1
40,0
39,4
39,3
39,2
39,1
39,0
7,3
5,3
4,3
1,45
3,44
2,44
1,44
3,43
2,43
1,43
3,42
2,42
1,42
3,41
2,41
1,41
3,40
2,40
1,40
3,39
2,39
1,39
3,38
2,38
1,38
3,37
2,37
1,37
3,36
2,36
1,36
3,35
2,35
1,35
3,34
2,34
1,34
3,33
2,33
1,33
3,32
2,32
1,32
3,31
2,31
1,31
3,30
2,30
1,30
3,29
2,29
1,29
3,28
2,28
1,28
3,27
2,27
1,27
3,26
2,26
1,26
3,25
2,25
1,25
3,24
2,24
1,24
3,23
2,23
1,23
3,22
2,22
1,22
3,21
2,21
1,21
3,20
2,20
1,20
3,19
2,19
1,19
3,18
2,18
1,18
3,17
2,17
1,17
3,16
2,16
1,16
3,15
2,15
1,15
3,14
2,14
1,14
3,13
2,13
1,13
3,12
2,12
1,12
3,11
2,11
1,11
3,10
2,10
1,10
3,9
2,9
1,9
3,8
2,8
1,8
3,7
2,7
1,7
3,6
2,6
1,6
3,5
2,5
1,5
3,4
2,4
1,4
3,3
3,0
2,3
2,0
1,3
1,0
0,6
0,0
0,47
0,46
0,49
0,48
0,45
0,12
0,10
0,8
0,11
0,5
0,7
0,4
0,3
